50
3
1 2 3
2 3 5
3 5 6
2 3 4
1 2 3
10
7 15 22 28 33 37 40 41 42 58
4 12 19 25 26 27 28 29 30 53
46 49 50 52 54 57 59 61 63 64
4 12 19 25 26 27 28 29 30 52
1 2 3 4 5 6 7 8 9 46
6 14 21 27 32 36 37 38 39 57
8 16 23 29 34 38 41 43 44 60
5 13 20 26 31 32 33 34 35 54
3 11 18 19 20 21 22 23 24 51
1 2 3 4 5 6 7 8 9 47
8 16 23 29 34 38 41 43 44 61
5 13 20 26 31 32 33 34 35 55
9 17 24 30 35 39 42 44 45 62
7 15 22 28 33 37 40 41 42 59
2 10 11 12 13 14 15 16 17 49
2 10 11 12 13 14 15 16 17 48
47 48 51 53 55 56 58 60 62 64
6 14 21 27 32 36 37 38 39 56
9 17 24 30 35 39 42 44 45 63
10
14 18 19 21 22 24 27 29 31 32
14 19 20 22 24 26 29 31 32 34
1 3 5 6 8 10 11 12 14 15
2 5 7 9 11 13 15 16 18 20
9 14 15 16 18 20 22 25 27 29
11 15 16 18 19 21 22 24 27 29
15 20 22 23 25 26 29 30 32 34
12 16 17 19 20 23 25 27 29 31
10 16 18 19 20 22 24 27 29 30
8 11 12 13 15 16 18 20 23 24
4 7 9 11 12 15 16 17 19 22
10 13 15 16 17 18 20 22 25 26
7 10 12 14 15 17 19 20 22 25
6 9 11 12 14 15 16 19 21 22
3 5 7 9 10 12 14 16 17 19
12 17 19 21 23 25 27 29 31 32
8 12 13 15 16 18 21 23 24 26
1 2 4 5 7 8 9 10 12 14
5 7 9 10 12 13 15 18 19 20
7
5 12 19 26 33 40 47
6 13 20 27 34 41 48
3 10 17 24 31 38 45
22 23 24 25 26 27 28
7 14 21 28 35 42 49
1 2 3 4 5 6 7
43 44 45 46 47 48 49
1 8 15 22 29 36 43
8 9 10 11 12 13 14
36 37 38 39 40 41 42
15 16 17 18 19 20 21
4 11 18 25 32 39 46
29 30 31 32 33 34 35
4
4 8 12 16
13 14 15 16
2 6 10 14
3 7 11 15
1 2 3 4
5 6 7 8
9 10 11 12
7
14 16 21 23 27 29 35
18 27 30 35 37 41 46
12 19 23 27 29 33 39
7 10 14 16 20 24 28
8 10 13 17 19 24 27
11 14 17 21 23 27 30
5 8 11 14 15 16 17
15 20 26 28 29 34 37
8 13 17 21 26 30 34
16 24 30 31 33 35 41
14 24 27 29 34 35 40
17 28 34 38 39 40 46
5 7 8 10 12 14 18
2
2 4
6 8
4 8
2
4 8
2 4
2 6
4
1 4 5 6
6 9 11 13
5 8 9 10
8 9 10 13
1 4 7 8
4 5 8 9
4 5 8 9
7
5 7 9 11 13 14 15
2 5 9 12 16 17 20
5 9 14 19 23 24 27
10 14 22 24 30 36 37
16 20 23 26 29 30 32
20 24 27 34 35 37 39
8 13 18 22 29 33 35
17 21 24 30 33 36 37
12 15 19 21 22 24 29
2 4 5 6 8 10 12
12 15 25 29 32 37 39
4 7 12 15 20 21 24
6 11 15 21 26 30 34
5
3 8 12 15 19
2 3 6 10 13
10 15 19 21 25
9 15 19 21 25
8 12 16 19 22
2 5 8 9 12
12 19 20 25 26
5 8 11 15 19
6 11 16 19 20
10
19 22 29 30 32 35 39 42 45 47
4 9 10 12 13 14 17 19 22 24
16 21 24 27 30 33 35 36 39 40
12 14 17 19 24 26 27 30 32 34
6 9 10 13 14 18 21 24 25 27
15 18 21 24 27 28 30 33 35 38
7 10 13 16 18 20 23 26 29 30
9 13 14 18 21 23 25 29 30 32
20 24 30 32 34 38 40 44 47 49
23 27 28 32 34 37 41 44 47 49
3 6 8 9 11 13 15 17 19 20
17 19 26 29 30 33 36 40 43 44
21 25 27 30 33 36 39 43 45 47
13 14 20 23 26 28 33 35 36 37
11 13 18 21 24 27 30 32 33 34
3 4 7 9 12 15 16 18 21 23
18 24 25 28 32 35 37 40 42 44
9 12 16 18 19 24 27 28 30 32
8 10 13 14 17 21 24 25 27 28
9
5 6 8 10 13 14 15 17 19
8 9 10 13 15 17 19 21 23
4 5 6 8 9 11 12 15 17
5 6 8 9 10 13 14 16 18
7 9 10 11 13 14 16 18 20
4 5 6 9 11 12 14 16 17
11 12 14 16 18 20 23 25 27
6 8 9 11 14 15 17 18 20
10 12 14 15 17 18 20 22 23
10 11 13 14 17 18 21 22 24
14 16 17 18 21 22 25 26 28
2 4 5 6 8 10 11 13 15
9 11 13 14 15 17 18 19 21
12 14 15 17 19 21 23 24 25
13 15 16 18 19 22 24 26 29
15 17 18 20 21 23 25 28 30
2 4 5 7 9 10 12 14 15
2
6 8
2 6
2 4
4
5 9 12 13
4 6 8 9
6 7 10 12
8 10 11 13
2 3 4 5
3 6 7 10
4 8 10 11
10
15 16 19 22 24 25 27 30 31 34
10 11 14 15 18 20 22 23 24 25
11 13 14 15 17 20 22 23 25 27
7 9 11 12 13 15 18 20 22 23
17 18 20 23 25 27 28 32 34 36
14 15 17 20 22 23 26 28 30 32
5 7 9 11 13 14 16 18 20 21
12 14 16 18 20 22 24 25 27 29
16 20 21 23 24 25 29 32 34 36
12 15 16 18 20 22 24 26 27 28
2 4 5 6 8 10 12 14 15 17
6 9 11 12 14 15 18 19 21 23
8 10 12 13 16 17 20 22 23 24
4 5 7 9 11 13 15 17 18 20
6 7 9 11 12 14 16 17 19 20
9 11 13 14 16 18 20 22 24 25
4 5 7 9 10 11 14 15 16 18
14 18 20 21 23 24 27 30 31 34
2 4 6 7 9 11 12 13 14 16
7
121 144 155 172 197 216 235
110 113 141 164 177 180 186
44 65 84 113 123 141 155
110 145 159 181 182 186 235
86 123 141 165 169 180 216
74 88 113 115 140 165 181
39 55 65 77 103 123 145
14 39 61 74 89 110 121
78 103 110 140 152 177 197
61 73 84 96 110 141 159
89 97 123 144 152 169 182
14 38 44 59 78 86 110
59 77 96 115 144 164 172
2
2 3
2 4
3 5
10
81 82 83 84 85 86 87 88 89 90
61 62 63 64 65 66 67 68 69 70
51 52 53 54 55 56 57 58 59 60
9 19 29 39 49 59 69 79 89 99
8 18 28 38 48 58 68 78 88 98
4 14 24 34 44 54 64 74 84 94
1 2 3 4 5 6 7 8 9 10
21 22 23 24 25 26 27 28 29 30
11 12 13 14 15 16 17 18 19 20
5 15 25 35 45 55 65 75 85 95
91 92 93 94 95 96 97 98 99 100
41 42 43 44 45 46 47 48 49 50
10 20 30 40 50 60 70 80 90 100
31 32 33 34 35 36 37 38 39 40
7 17 27 37 47 57 67 77 87 97
3 13 23 33 43 53 63 73 83 93
2 12 22 32 42 52 62 72 82 92
1 11 21 31 41 51 61 71 81 91
6 16 26 36 46 56 66 76 86 96
5
4 7 8 11 13
1 3 5 7 9
7 9 11 12 13
1 2 4 5 7
5 7 8 10 12
7 9 12 13 16
9 11 13 15 16
2 5 7 9 11
5 8 10 12 15
3
2 3 4
2 3 4
1 2 3
1 2 3
3 4 5
3
3 4 5
1 2 3
2 3 4
3 4 5
1 2 3
4
13 15 19 22
4 6 10 13
11 14 16 22
10 12 15 19
6 7 13 15
10 13 15 16
4 6 10 11
4
1 2 3 4
2 3 4 5
3 4 5 6
4 5 6 7
1 2 3 4
2 3 4 5
3 4 5 6
8
21 29 31 36 40 45 50 55
2 4 6 9 10 15 17 18
15 21 29 30 33 37 45 49
10 18 24 26 28 33 40 42
19 24 26 29 33 37 44 45
11 14 18 24 26 30 36 40
18 31 35 40 43 45 55 58
6 12 14 18 19 26 31 36
9 16 19 24 26 29 36 38
14 17 19 26 28 33 40 43
17 26 34 36 40 44 50 55
6 11 14 19 24 29 34 35
25 33 36 38 42 49 55 58
2 5 6 11 14 19 21 25
5 9 12 16 18 21 26 31
4
2 4 5 10
2 4 5 9
1 2 3 7
7 10 11 13
1 2 3 8
3 5 6 11
3 5 6 12
7
1 3 6 8 10 12 15
5 9 10 15 19 20 21
10 13 16 19 21 22 23
3 5 7 10 13 16 17
3 5 6 9 10 13 14
8 10 12 15 17 19 21
6 7 9 10 12 15 16
11 14 16 21 23 29 32
8 13 15 19 22 27 28
12 16 18 20 24 27 29
1 3 4 5 6 8 11
6 10 12 17 21 24 25
4 6 9 12 16 18 19
10
11 35 40 58 61 79 82 83 94 103
58 69 76 93 123 151 183 215 219 261
79 93 99 108 154 187 232 241 275 298
59 67 73 76 94 99 109 118 121 125
124 140 146 151 164 187 190 196 202 223
149 169 177 183 207 232 251 270 281 287
103 113 125 168 211 223 287 295 345 349
11 35 59 77 101 124 149 158 172 182
35 55 56 69 70 93 94 106 108 113
40 56 73 86 117 146 177 209 213 237
101 110 117 123 137 154 160 184 194 211
94 108 121 150 194 202 281 282 320 334
83 106 118 127 184 196 270 273 309 332
77 83 86 93 97 108 112 127 150 168
182 213 237 261 275 298 307 332 334 349
61 70 94 97 137 164 207 237 260 275
172 208 213 219 260 275 288 309 320 345
82 94 109 112 160 190 251 252 288 307
158 185 209 215 237 241 252 273 282 295
2
2 22
22 222
22 222
3
3 7 9
4 10 12
7 9 12
2 5 7
5 7 10
7
3 8 12 13 14 15 27
5 10 14 17 19 20 31
1 2 3 4 5 6 22
2 7 8 9 10 11 24
6 11 15 18 20 21 32
2 7 8 9 10 11 25
6 11 15 18 20 21 33
22 24 27 28 30 33 34
1 2 3 4 5 6 23
5 10 14 17 19 20 30
4 9 13 16 17 18 29
4 9 13 16 17 18 28
3 8 12 13 14 15 26
2
6 8
4 8
2 6
9
23 26 31 33 39 42 46 47 53
20 32 36 39 42 48 53 57 64
5 7 10 13 18 21 23 28 32
17 20 25 30 32 34 36 37 42
4 5 9 13 17 20 23 24 29
20 21 29 32 36 38 40 43 48
12 18 21 23 32 36 39 45 46
11 13 16 22 30 32 33 40 45
29 30 41 45 46 50 52 60 64
24 29 36 40 45 48 50 55 57
9 13 14 16 21 26 28 30 36
8 10 14 20 25 29 31 36 41
5 7 13 16 20 21 26 29 30
13 16 20 22 23 29 32 35 39
13 21 26 29 34 38 42 48 50
18 28 30 35 37 43 47 55 60
4 5 8 11 12 13 14 18 20
9
5 8 10 13 16 18 21 24 25
18 23 25 28 31 34 38 41 42
5 7 10 11 17 20 21 22 24
17 21 22 26 29 32 35 38 41
12 16 18 19 24 28 29 32 33
3 5 8 9 14 16 18 21 23
8 9 11 14 18 19 23 25 28
1 3 5 8 10 12 14 17 18
10 14 16 18 22 25 27 29 30
8 11 13 14 19 22 23 26 28
18 23 24 28 30 33 36 41 42
13 16 20 22 25 28 30 33 34
17 20 24 25 27 33 35 38 41
1 3 5 8 11 13 16 17 18
14 18 21 23 25 30 31 35 36
16 18 21 23 27 29 31 35 38
3 5 7 11 14 16 18 20 23
10
12 16 18 19 21 24 25 27 30 32
3 6 8 10 12 14 16 17 18 19
16 19 24 25 28 29 30 32 35 38
2 3 4 5 7 8 10 12 14 15
15 20 22 24 27 30 32 33 36 38
15 18 22 23 26 27 28 31 34 36
4 6 8 10 12 14 16 17 18 20
10 16 17 20 21 24 25 26 28 30
10 14 15 18 20 22 24 26 28 30
8 12 14 16 18 19 21 23 25 27
12 17 19 21 23 26 27 29 31 32
14 17 20 22 24 25 26 29 32 33
4 8 9 11 14 15 18 20 22 24
14 18 20 22 25 28 30 32 34 35
5 8 9 12 13 16 17 19 20 22
5 10 12 13 16 18 19 22 23 25
7 12 13 15 18 20 21 24 26 28
6 10 11 13 15 18 20 21 22 24
2 4 5 6 8 10 12 14 15 16
4
1 21 39 55
55 72 88 102
26 37 52 72
21 37 40 69
1 26 33 47
47 69 77 102
33 40 56 88
3
2 3 4
2 3 4
3 4 5
1 2 3
3 4 5
3
1 6 8
11 15 16
1 6 11
6 8 9
8 9 16
10
1 4 7 8 10 13 14 16 19 20
1 2 5 8 10 12 15 16 17 19
4 5 7 9 13 15 16 19 22 25
2 5 8 11 13 14 15 18 20 21
7 8 9 11 15 18 21 24 26 29
8 11 13 15 16 21 24 27 28 30
19 20 22 27 30 31 32 37 39 41
15 16 21 24 25 28 29 31 32 35
16 18 19 25 27 30 31 35 37 40
20 21 23 29 32 33 35 39 42 45
5 7 9 13 15 16 18 19 22 23
19 25 29 30 31 34 37 40 41 45
13 14 16 20 24 26 28 30 31 34
10 13 15 16 21 24 26 27 30 32
10 13 15 18 21 22 25 28 29 31
12 15 18 21 22 26 28 30 31 33
14 15 18 23 26 28 29 33 35 37
16 19 24 27 28 30 33 35 37 39
8 9 11 15 18 20 23 25 27 29
8
6 8 9 12 13 16 17 18
11 13 15 17 19 21 24 25
10 11 14 15 17 19 21 22
11 13 16 18 20 22 24 26
3 4 5 8 9 11 13 14
8 10 12 14 16 18 19 21
13 14 18 20 21 23 25 27
6 8 10 12 14 15 18 20
1 3 4 6 8 9 11 13
1 3 4 6 8 10 11 13
8 9 12 13 16 17 20 21
9 11 14 16 18 19 22 23
4 5 6 10 12 14 15 16
3 4 5 8 10 11 13 14
13 14 16 18 21 22 26 27
10
6 9 12 15 16 17 20 21 24 25
14 17 22 26 27 30 33 36 38 40
12 13 18 23 24 27 30 33 36 38
6 9 11 12 13 17 19 20 24 26
3 6 8 11 12 15 16 19 21 22
22 25 28 35 38 41 44 46 48 53
7 12 15 17 18 21 22 23 26 29
19 20 23 29 31 36 38 40 42 46
20 24 26 32 36 39 41 42 47 50
11 16 20 23 24 28 29 31 33 36
15 17 21 25 28 30 31 35 39 41
9 15 18 20 23 25 28 29 31 33
17 21 25 30 33 35 39 40 44 46
8 11 15 18 20 22 24 25 26 28
11 12 17 20 23 26 28 30 32 35
21 24 26 31 33 38 41 44 47 48
22 26 29 33 36 40 42 46 50 53
16 19 22 28 29 33 36 39 41 44
16 20 24 28 30 31 36 38 41 42
10
10 11 12 13 14 15 16 17 18 19
1 2 3 4 5 6 7 8 9 10
1 2 3 4 5 6 7 8 9 10
6 7 8 9 10 11 12 13 14 15
8 9 10 11 12 13 14 15 16 17
9 10 11 12 13 14 15 16 17 18
5 6 7 8 9 10 11 12 13 14
8 9 10 11 12 13 14 15 16 17
6 7 8 9 10 11 12 13 14 15
4 5 6 7 8 9 10 11 12 13
7 8 9 10 11 12 13 14 15 16
2 3 4 5 6 7 8 9 10 11
10 11 12 13 14 15 16 17 18 19
7 8 9 10 11 12 13 14 15 16
3 4 5 6 7 8 9 10 11 12
2 3 4 5 6 7 8 9 10 11
9 10 11 12 13 14 15 16 17 18
3 4 5 6 7 8 9 10 11 12
4 5 6 7 8 9 10 11 12 13
2
4 8
4 6
8 9
7
14 18 19 25 26 33 36
10 14 18 21 25 29 31
8 15 16 21 25 29 30
18 24 28 31 36 40 44
16 22 23 29 30 37 40
2 8 11 15 17 21 24
6 11 14 16 18 24 28
7 11 14 18 19 23 28
1 4 7 8 11 15 18
4 8 11 14 18 22 26
1 2 6 10 14 16 19
15 21 24 29 33 37 41
19 26 28 30 32 41 44
5
7 10 12 15 16
6 9 11 12 15
2 3 5 8 9
5 9 11 12 14
3 6 9 10 13
9 13 14 17 20
2 4 6 7 9
9 12 15 16 20
8 11 12 15 17
4
5 7 11 13
7 12 13 17
5 8 11 12
13 21 22 28
11 13 20 22
12 17 24 28
8 12 17 21
5
3 5 7 8 10
6 7 11 14 17
7 12 17 19 22
9 10 16 17 22
3 5 8 10 12
6 10 14 16 17
1 3 4 6 7
7 8 14 16 19
4 8 11 14 16
7
7 10 12 14 17 19 20
4 6 7 9 10 11 12
9 11 14 15 19 21 23
6 9 10 12 15 16 18
4 7 9 11 13 15 16
3 6 8 9 10 11 12
10 11 15 16 19 21 22
9 10 13 15 17 19 21
10 12 16 17 21 22 25
11 12 16 18 20 23 25
6 8 9 10 12 14 16
2 3 4 6 7 9 10
8 9 11 12 14 15 17
2
2 22
2 22
22 222
7
4 5 6 7 8 9 10
7 8 9 10 11 12 13
6 7 8 9 10 11 12
6 7 8 9 10 11 12
1 2 3 4 5 6 7
1 2 3 4 5 6 7
5 6 7 8 9 10 11
3 4 5 6 7 8 9
2 3 4 5 6 7 8
2 3 4 5 6 7 8
4 5 6 7 8 9 10
7 8 9 10 11 12 13
5 6 7 8 9 10 11
